000010   000036
000011   102210
000012   000000
000013   000012
000014   000007
000015   000000
000016   077776
000017   000000
000020   000003
000021   001750
000022   102121
001750   000144
001751   000004
000024   003420
000025   035427
000026   026220
000027   003014
000030   013061
000031   037202
000032   002017
000033   016001
000034   005420
000035   161000
000036   005415
000037   026204
000040   005420
000041   005015
000042   002016
000043   012015
000044   036210
000045   026214
000046   003015
000047   005016
000050   003021
000051   005013
000052   002421
000053   014401
000054   004421
000055   026024
000056   003453
000057   145401
