000010   000036
000011   102210
000012   000000
000013   000012
000014   000001
000015   000000
000016   077776
000017   000000
000020   000025
000021   001750
000022   102121
000764   142000
000765   144001
000766   004014
000767   142000
000770   144001
000771   004100
000772   142000
000773   144001
000774   004101
000775   142000
000776   144001
000777   004102
001000   142000
001001   144001
001002   004103
001003   142000
001004   144001
001005   004104
001006   142000
001007   144001
001010   004105
001011   142000
001012   144001
001013   004106
001014   142000
001015   144001
001016   004107
001017   142000
001020   144001
001021   004110
001022   142000
001023   144001
001024   004111
001025   142000
001026   144001
001027   004112
001030   142000
001031   144001
001032   004113
001033   142000
001034   144001
001035   004114
001036   142000
001037   144001
001040   004115
001041   142000
001042   144001
001043   004116
001044   142000
001045   144001
001046   004117
001047   142000
001050   144001
001051   004120
001052   142000
001053   144001
001054   004121
001055   142000
001056   144001
001057   004122
001060   142000
001061   144001
001062   004123
000024   003420
000025   035427
000026   026220
000027   003014
000030   013061
000031   037202
000032   002017
000033   016001
000034   005420
000035   161000
000036   005415
000037   026204
000040   005420
000041   005015
000042   002016
000043   012015
000044   036210
000045   026214
000046   003015
000047   005016
000050   003021
000051   005013
000052   002421
000053   014401
000054   004421
000055   026024
000056   003453
000057   145401
