000010   000036
000011   102210
000012   000000
000013   000012
000014   000007
000015   000000
000016   077776
000017   000000
000020   000002
000021   001750
000022   102121
001750   000144
001751   000004
000024   003420
000025   035427
000026   026222
000027   003014
000030   013061
000031   037205
000032   002017
000033   016001
000034   005420
000035   161000
000036   005415
000037   026206
000040   005015
000041   002016
000042   012015
000043   036212
000044   026216
000045   003015
000046   005016
000047   003021
000050   005013
000051   002421
000052   014401
000053   004421
000054   026024
000055   003453
000056   145401
