001604   000151
001605   000040
001606   000162
001607   000165
001610   000156
001611   000056
001612   000151
001613   000040
001614   000145
001615   000141
001616   000164
001617   000056
001620   000151
001621   000040
001622   000147
001623   000157
001624   000056
001625   000151
001626   000040
001627   000141
001630   000155
001631   000056
001632   000151
001633   000040
001634   000144
001635   000157
001636   000056
001637   000151
001640   000040
001641   000164
001642   000162
001643   000171
001644   000056
000010   000226
000011   102110
000012   003410
000013   142000
000014   004007
000015   016037
000016   016005
000017   022023
000020   002007
000021   004100
000022   026031
000023   002007
000024   004100
000025   015401
000026   005410
000027   102110
000030   026013
000031   000764
000032   102331
000033   000041
000034   102233
000035   000107
000036   102135
000764   000001
000765   000001
000766   000001
000767   000226
000770   001604
000771   000226
000772   001604
000773   000001
000774   000454
000775   000620
000776   000012
000777   000067
001000   000053
001001   000077
001002   000102
001003   000111
001004   000115
001005   000120
001006   000135
001007   000152
000037   002345
000040   016037
000041   016005
000042   022357
000043   002346
000044   016037
000045   016001
000046   022353
000047   002307
000050   016001
000051   022314
000052   026351
000053   002302
000054   014001
000055   004302
000056   002300
000057   004307
000060   002306
000061   014001
000062   004304
000063   002303
000064   016001
000065   004305
000066   026350
000067   002346
000070   016037
000071   016017
000072   022356
000073   002307
000074   016001
000075   022355
000076   026351
000077   002301
000100   014001
000101   004301
000102   002300
000103   004307
000104   004302
000105   002303
000106   016001
000107   004305
000110   026350
000111   002345
000112   012346
000113   022360
000114   026350
000115   002700
000116   014401
000117   004707
000120   002346
000121   016037
000122   016001
000123   022362
000124   002302
000125   014001
000126   004302
000127   002700
000130   004707
000131   002303
000132   016001
000133   004305
000134   026350
000135   002346
000136   016037
000137   016017
000140   022363
000141   002301
000142   014001
000143   004301
000144   002300
000145   004302
000146   004307
000147   002303
000150   016001
000151   004305
000152   026350
000454   002305
000455   014001
000456   004305
000457   002306
000460   014001
000461   004306
000462   026007
000620   002301
000621   144001
000622   002302
000623   144001
